name: h9-env
channels:
  - conda-forge
  - bioconda
  - defaults
dependencies:
  - _libgcc_mutex=0.1=conda_forge
  - _openmp_mutex=4.5=2_gnu
  - biopython=1.84=py311h331c9d8_0
  - blast=2.16.0=h66d330f_4
  - bzip2=1.0.8=h4bc722e_7
  - c-ares=1.34.4=hb9d3cd8_0
  - ca-certificates=2025.1.31=hbcca054_0
  - curl=8.11.1=h332b0f4_0
  - entrez-direct=22.4=he881be0_0
  - gawk=5.3.1=hcd3d067_0
  - gettext=0.23.1=h5888daf_0
  - gettext-tools=0.23.1=h5888daf_0
  - gmp=6.3.0=hac33072_2
  - keyutils=1.6.1=h166bdaf_0
  - krb5=1.21.3=h659f571_0
  - ld_impl_linux-64=2.43=h712a8e2_2
  - libasprintf=0.23.1=h8e693c7_0
  - libasprintf-devel=0.23.1=h8e693c7_0
  - libblas=3.9.0=28_h59b9bed_openblas
  - libcblas=3.9.0=28_he106b2a_openblas
  - libcurl=8.11.1=h332b0f4_0
  - libedit=3.1.20250104=pl5321h7949ede_0
  - libev=4.33=hd590300_2
  - libexpat=2.6.4=h5888daf_0
  - libffi=3.4.2=h7f98852_5
  - libgcc=14.2.0=h77fa898_1
  - libgcc-ng=14.2.0=h69a702a_1
  - libgettextpo=0.23.1=h5888daf_0
  - libgettextpo-devel=0.23.1=h5888daf_0
  - libgfortran=14.2.0=h69a702a_1
  - libgfortran5=14.2.0=hd5240d6_1
  - libgomp=14.2.0=h77fa898_1
  - libidn2=2.3.7=hd590300_0
  - liblapack=3.9.0=28_h7ac8fdf_openblas
  - liblzma=5.6.4=hb9d3cd8_0
  - libnghttp2=1.64.0=h161d5f1_0
  - libnsl=2.0.1=hd590300_0
  - libopenblas=0.3.28=pthreads_h94d23a6_1
  - libsqlite=3.48.0=hee588c1_1
  - libssh2=1.11.1=hf672d98_0
  - libstdcxx=14.2.0=hc0a3c3a_1
  - libstdcxx-ng=14.2.0=h4852527_1
  - libunistring=0.9.10=h7f98852_0
  - libuuid=2.38.1=h0b41bf4_0
  - libxcrypt=4.4.36=hd590300_1
  - libzlib=1.3.1=hb9d3cd8_2
  - mafft=7.525=h031d066_1
  - mpfr=4.2.1=h90cbb55_3
  - ncbi-vdb=3.2.0=h9948957_0
  - ncurses=6.5=h2d0b736_3
  - numpy=2.2.2=py311h5d046bc_0
  - openssl=3.4.0=h7b32b05_1
  - pandas=2.2.3=py311h7db5c69_1
  - perl=5.32.1=7_hd590300_perl5
  - perl-archive-tar=2.40=pl5321hdfd78af_0
  - perl-carp=1.50=pl5321hd8ed1ab_0
  - perl-common-sense=3.75=pl5321hd8ed1ab_0
  - perl-compress-raw-bzip2=2.201=pl5321hbf60520_0
  - perl-compress-raw-zlib=2.202=pl5321hadc24fc_0
  - perl-encode=3.21=pl5321hb9d3cd8_1
  - perl-exporter=5.74=pl5321hd8ed1ab_0
  - perl-exporter-tiny=1.002002=pl5321hd8ed1ab_0
  - perl-extutils-makemaker=7.70=pl5321hd8ed1ab_0
  - perl-io-compress=2.201=pl5321h503566f_4
  - perl-io-zlib=1.14=pl5321hdfd78af_0
  - perl-json=4.10=pl5321hdfd78af_1
  - perl-json-xs=4.03=pl5321h9948957_4
  - perl-list-moreutils=0.430=pl5321hdfd78af_0
  - perl-list-moreutils-xs=0.430=pl5321h7b50bb2_4
  - perl-parent=0.243=pl5321hd8ed1ab_0
  - perl-pathtools=3.75=pl5321hb9d3cd8_1
  - perl-scalar-list-utils=1.68=pl5321hb9d3cd8_0
  - perl-storable=3.15=pl5321hb9d3cd8_0
  - perl-types-serialiser=1.01=pl5321hdfd78af_0
  - pip=25.0=pyh8b19718_0
  - python=3.11.11=h9e4cc4f_1_cpython
  - python-dateutil=2.9.0.post0=pyhff2d567_1
  - python-tzdata=2025.1=pyhd8ed1ab_0
  - python_abi=3.11=5_cp311
  - pytz=2024.1=pyhd8ed1ab_0
  - readline=8.2=h8228510_1
  - rpsbproc=0.5.0=hd6d6fdc_2
  - setuptools=75.8.0=pyhff2d567_0
  - six=1.17.0=pyhd8ed1ab_0
  - tk=8.6.13=noxft_h4845f30_101
  - tzdata=2025a=h78e105d_0
  - wget=1.21.4=hda4d442_0
  - wheel=0.45.1=pyhd8ed1ab_1
  - zlib=1.3.1=hb9d3cd8_2
  - zstd=1.5.6=ha6fb4c9_0
prefix: /home/liuyuanbin/software/anaconda3/envs/h9-env
